{
 "cells": [
  {
   "cell_type": "markdown",
   "id": "d7682f71-959c-41fb-92c7-aa2cfa4c93d8",
   "metadata": {},
   "source": [
    "# Env"
   ]
  },
  {
   "cell_type": "code",
   "execution_count": 1,
   "id": "904cf781-d284-4c04-a61f-4e26c61fdb4a",
   "metadata": {
    "collapsed": true,
    "jupyter": {
     "outputs_hidden": true
    },
    "scrolled": true
   },
   "outputs": [
    {
     "name": "stderr",
     "output_type": "stream",
     "text": [
      "\n",
      "Attaching package: ‘dplyr’\n",
      "\n",
      "\n",
      "The following objects are masked from ‘package:stats’:\n",
      "\n",
      "    filter, lag\n",
      "\n",
      "\n",
      "The following objects are masked from ‘package:base’:\n",
      "\n",
      "    intersect, setdiff, setequal, union\n",
      "\n",
      "\n",
      "Loading required package: R.oo\n",
      "\n",
      "Loading required package: R.methodsS3\n",
      "\n",
      "R.methodsS3 v1.8.2 (2022-06-13 22:00:14 UTC) successfully loaded. See ?R.methodsS3 for help.\n",
      "\n",
      "R.oo v1.26.0 (2024-01-24 05:12:50 UTC) successfully loaded. See ?R.oo for help.\n",
      "\n",
      "\n",
      "Attaching package: ‘R.oo’\n",
      "\n",
      "\n",
      "The following object is masked from ‘package:R.methodsS3’:\n",
      "\n",
      "    throw\n",
      "\n",
      "\n",
      "The following object is masked from ‘package:magrittr’:\n",
      "\n",
      "    equals\n",
      "\n",
      "\n",
      "The following objects are masked from ‘package:methods’:\n",
      "\n",
      "    getClasses, getMethods\n",
      "\n",
      "\n",
      "The following objects are masked from ‘package:base’:\n",
      "\n",
      "    attach, detach, load, save\n",
      "\n",
      "\n",
      "R.utils v2.12.3 (2023-11-18 01:00:02 UTC) successfully loaded. See ?R.utils for help.\n",
      "\n",
      "\n",
      "Attaching package: ‘R.utils’\n",
      "\n",
      "\n",
      "The following object is masked from ‘package:magrittr’:\n",
      "\n",
      "    extract\n",
      "\n",
      "\n",
      "The following object is masked from ‘package:utils’:\n",
      "\n",
      "    timestamp\n",
      "\n",
      "\n",
      "The following objects are masked from ‘package:base’:\n",
      "\n",
      "    cat, commandArgs, getOption, isOpen, nullfile, parse, warnings\n",
      "\n",
      "\n",
      "\n",
      "Attaching package: ‘rstatix’\n",
      "\n",
      "\n",
      "The following object is masked from ‘package:stats’:\n",
      "\n",
      "    filter\n",
      "\n",
      "\n",
      "\n",
      "Attaching package: ‘cowplot’\n",
      "\n",
      "\n",
      "The following object is masked from ‘package:ggthemes’:\n",
      "\n",
      "    theme_map\n",
      "\n",
      "\n",
      "The following object is masked from ‘package:ggpubr’:\n",
      "\n",
      "    get_legend\n",
      "\n",
      "\n",
      "\n",
      "Attaching package: ‘patchwork’\n",
      "\n",
      "\n",
      "The following object is masked from ‘package:cowplot’:\n",
      "\n",
      "    align_plots\n",
      "\n",
      "\n",
      "\u001b[90mggtree v3.10.0 For help: https://yulab-smu.top/treedata-book/\n",
      "\n",
      "If you use the ggtree package suite in published research, please cite\n",
      "the appropriate paper(s):\n",
      "\n",
      "Guangchuang Yu, David Smith, Huachen Zhu, Yi Guan, Tommy Tsan-Yuk Lam.\n",
      "ggtree: an R package for visualization and annotation of phylogenetic\n",
      "trees with their covariates and other associated data. Methods in\n",
      "Ecology and Evolution. 2017, 8(1):28-36. doi:10.1111/2041-210X.12628\n",
      "\n",
      "S Xu, Z Dai, P Guo, X Fu, S Liu, L Zhou, W Tang, T Feng, M Chen, L\n",
      "Zhan, T Wu, E Hu, Y Jiang, X Bo, G Yu. ggtreeExtra: Compact\n",
      "visualization of richly annotated phylogenetic data. Molecular Biology\n",
      "and Evolution. 2021, 38(9):4039-4042. doi: 10.1093/molbev/msab166\n",
      "\n",
      "Shuangbin Xu, Lin Li, Xiao Luo, Meijun Chen, Wenli Tang, Li Zhan, Zehan\n",
      "Dai, Tommy T. Lam, Yi Guan, Guangchuang Yu. Ggtree: A serialized data\n",
      "object for visualization of a phylogenetic tree and annotation data.\n",
      "iMeta 2022, 1(4):e56. doi:10.1002/imt2.56 \u001b[39m\n",
      "\n",
      "\n",
      "Attaching package: ‘ggtree’\n",
      "\n",
      "\n",
      "The following object is masked from ‘package:ggpubr’:\n",
      "\n",
      "    rotate\n",
      "\n",
      "\n",
      "The following object is masked from ‘package:magrittr’:\n",
      "\n",
      "    inset\n",
      "\n",
      "\n",
      "\n",
      "Attaching package: ‘glue’\n",
      "\n",
      "\n",
      "The following object is masked from ‘package:R.oo’:\n",
      "\n",
      "    trim\n",
      "\n",
      "\n",
      "\n",
      "Attaching package: ‘ggcorrplot’\n",
      "\n",
      "\n",
      "The following object is masked from ‘package:rstatix’:\n",
      "\n",
      "    cor_pmat\n",
      "\n",
      "\n",
      "Loading required package: stats4\n",
      "\n",
      "Loading required package: BiocGenerics\n",
      "\n",
      "\n",
      "Attaching package: ‘BiocGenerics’\n",
      "\n",
      "\n",
      "The following objects are masked from ‘package:dplyr’:\n",
      "\n",
      "    combine, intersect, setdiff, union\n",
      "\n",
      "\n",
      "The following objects are masked from ‘package:stats’:\n",
      "\n",
      "    IQR, mad, sd, var, xtabs\n",
      "\n",
      "\n",
      "The following objects are masked from ‘package:base’:\n",
      "\n",
      "    anyDuplicated, aperm, append, as.data.frame, basename, cbind,\n",
      "    colnames, dirname, do.call, duplicated, eval, evalq, Filter, Find,\n",
      "    get, grep, grepl, intersect, is.unsorted, lapply, Map, mapply,\n",
      "    match, mget, order, paste, pmax, pmax.int, pmin, pmin.int,\n",
      "    Position, rank, rbind, Reduce, rownames, sapply, setdiff, sort,\n",
      "    table, tapply, union, unique, unsplit, which.max, which.min\n",
      "\n",
      "\n",
      "Loading required package: S4Vectors\n",
      "\n",
      "\n",
      "Attaching package: ‘S4Vectors’\n",
      "\n",
      "\n",
      "The following object is masked from ‘package:ggtree’:\n",
      "\n",
      "    expand\n",
      "\n",
      "\n",
      "The following objects are masked from ‘package:dplyr’:\n",
      "\n",
      "    first, rename\n",
      "\n",
      "\n",
      "The following object is masked from ‘package:utils’:\n",
      "\n",
      "    findMatches\n",
      "\n",
      "\n",
      "The following objects are masked from ‘package:base’:\n",
      "\n",
      "    expand.grid, I, unname\n",
      "\n",
      "\n",
      "Loading required package: IRanges\n",
      "\n",
      "\n",
      "Attaching package: ‘IRanges’\n",
      "\n",
      "\n",
      "The following object is masked from ‘package:glue’:\n",
      "\n",
      "    trim\n",
      "\n",
      "\n",
      "The following object is masked from ‘package:ggtree’:\n",
      "\n",
      "    collapse\n",
      "\n",
      "\n",
      "The following object is masked from ‘package:rstatix’:\n",
      "\n",
      "    desc\n",
      "\n",
      "\n",
      "The following object is masked from ‘package:R.oo’:\n",
      "\n",
      "    trim\n",
      "\n",
      "\n",
      "The following objects are masked from ‘package:dplyr’:\n",
      "\n",
      "    collapse, desc, slice\n",
      "\n",
      "\n",
      "Loading required package: GenomeInfoDb\n",
      "\n",
      "\n",
      "Attaching package: ‘GenomicRanges’\n",
      "\n",
      "\n",
      "The following object is masked from ‘package:magrittr’:\n",
      "\n",
      "    subtract\n",
      "\n",
      "\n",
      "Loading required package: GenomicFeatures\n",
      "\n",
      "Loading required package: AnnotationDbi\n",
      "\n",
      "Loading required package: Biobase\n",
      "\n",
      "Welcome to Bioconductor\n",
      "\n",
      "    Vignettes contain introductory material; view with\n",
      "    'browseVignettes()'. To cite Bioconductor, see\n",
      "    'citation(\"Biobase\")', and for packages 'citation(\"pkgname\")'.\n",
      "\n",
      "\n",
      "\n",
      "Attaching package: ‘AnnotationDbi’\n",
      "\n",
      "\n",
      "The following object is masked from ‘package:rstatix’:\n",
      "\n",
      "    select\n",
      "\n",
      "\n",
      "The following object is masked from ‘package:dplyr’:\n",
      "\n",
      "    select\n",
      "\n",
      "\n"
     ]
    }
   ],
   "source": [
    "library(magrittr)\n",
    "library(stringr)\n",
    "library(dplyr)\n",
    "library(R.utils)\n",
    "library(rstatix)\n",
    "\n",
    "library(ggplot2)\n",
    "library(ggrepel)\n",
    "library(ggpubr)\n",
    "library(ggthemes)\n",
    "library(ggsci)\n",
    "library(cowplot)\n",
    "library(patchwork)\n",
    "library(ggsignif)\n",
    "library(reshape2)\n",
    "library(RColorBrewer)\n",
    "library(ggtree)\n",
    "library(aplot)\n",
    "library(glue)\n",
    "library(ggnewscale)\n",
    "library(ggcorrplot)\n",
    "library(scales)\n",
    "library(ggtext)\n",
    "\n",
    "library(GenomicRanges)\n",
    "library(TxDb.Mmusculus.UCSC.mm10.knownGene)\n",
    "\n",
    "library(parallel)\n",
    "library(BiocParallel)\n",
    "library(future)\n",
    "library(furrr)"
   ]
  },
  {
   "cell_type": "code",
   "execution_count": 2,
   "id": "a7bba111-1eb0-48e2-95e3-19923288a04d",
   "metadata": {},
   "outputs": [],
   "source": [
    "figsize <- function(w,h){\n",
    "  options(repr.plot.width=w, repr.plot.height=h)\n",
    "}"
   ]
  },
  {
   "cell_type": "markdown",
   "id": "b176a4b5-047e-4305-8477-90dc9a38a171",
   "metadata": {},
   "source": [
    "# Sample corr"
   ]
  },
  {
   "cell_type": "markdown",
   "id": "2a70790b-5c3b-4388-9502-f43b2c24a045",
   "metadata": {},
   "source": [
    "multiBigwigSummary(bins)\n",
    "```bash\n",
    "proj_dir=/data1/wuc/project/Hey2_review/240807_qc_heatmap\n",
    "mkdir -p $proj_dir/analysis/sample_correlation/bins\n",
    "\n",
    "multiBigwigSummary bins -p 48 \\\n",
    "--bwfiles $proj_dir/result/03.align/bw/*.bw \\\n",
    "--outFileName $proj_dir/analysis/sample_correlation/bins/240807-qc-heatmap_bs10k.npz \\\n",
    "--outRawCounts $proj_dir/analysis/sample_correlation/bins/240807-qc-heatmap_rawCounts.tab \\\n",
    "-bs 10000\n",
    "\n",
    "# plotCorrelation\n",
    "plotCorrelation --corData $proj_dir/analysis/sample_correlation/bins/240807-qc-heatmap_bs10k.npz \\\n",
    "--corMethod spearman --skipZeros --whatToPlot heatmap --colorMap RdYlBu --plotFileFormat pdf \\\n",
    "--plotFile $proj_dir/analysis/sample_correlation/bins/SpearmanCorr.pdf \\\n",
    "--outFileCorMatrix $proj_dir/analysis/sample_correlation/bins/SpearmanCorr.tab\n",
    "```"
   ]
  },
  {
   "cell_type": "code",
   "execution_count": 43,
   "id": "ed1124ff-9714-495e-8c1e-208aac7e7fcd",
   "metadata": {},
   "outputs": [],
   "source": [
    "pks_corr = \"/data1/wuc/project/Hey2_review/240807_qc_heatmap/analysis/sample_correlation/peaks/SpearmanCorr.tab\""
   ]
  },
  {
   "cell_type": "code",
   "execution_count": 53,
   "id": "112e5c79-ff3a-4079-a3ad-8a1b8e4abab1",
   "metadata": {},
   "outputs": [],
   "source": [
    "corr_mat <- read.table(file = pks_corr)"
   ]
  },
  {
   "cell_type": "code",
   "execution_count": 54,
   "id": "5425902c-e8ff-4dfb-bde3-61739c35390e",
   "metadata": {},
   "outputs": [
    {
     "data": {
      "text/html": [
       "<table class=\"dataframe\">\n",
       "<caption>A data.frame: 12 × 12</caption>\n",
       "<thead>\n",
       "\t<tr><th></th><th scope=col>Hey2-Ctrl-1</th><th scope=col>Hey2-Ctrl-2</th><th scope=col>K27-Hey2-1</th><th scope=col>K27-Hey2-2</th><th scope=col>K27-Ctrl-1</th><th scope=col>K27-Ctrl-2</th><th scope=col>K9-Hey2-2</th><th scope=col>K9-Hey2-1</th><th scope=col>K9-Ctrl-1</th><th scope=col>K9-Ctrl-2</th><th scope=col>Flag-Hey2-1</th><th scope=col>Flag-Hey2-2</th></tr>\n",
       "\t<tr><th></th><th scope=col>&lt;dbl&gt;</th><th scope=col>&lt;dbl&gt;</th><th scope=col>&lt;dbl&gt;</th><th scope=col>&lt;dbl&gt;</th><th scope=col>&lt;dbl&gt;</th><th scope=col>&lt;dbl&gt;</th><th scope=col>&lt;dbl&gt;</th><th scope=col>&lt;dbl&gt;</th><th scope=col>&lt;dbl&gt;</th><th scope=col>&lt;dbl&gt;</th><th scope=col>&lt;dbl&gt;</th><th scope=col>&lt;dbl&gt;</th></tr>\n",
       "</thead>\n",
       "<tbody>\n",
       "\t<tr><th scope=row>Hey2-Ctrl-1</th><td>1.0000</td><td>0.7425</td><td>0.5958</td><td>0.6278</td><td>0.6371</td><td>0.6289</td><td>0.6501</td><td>0.6580</td><td>0.6486</td><td>0.6561</td><td>0.6647</td><td>0.6619</td></tr>\n",
       "\t<tr><th scope=row>Hey2-Ctrl-2</th><td>0.7425</td><td>1.0000</td><td>0.5874</td><td>0.6194</td><td>0.6293</td><td>0.6202</td><td>0.6395</td><td>0.6473</td><td>0.6393</td><td>0.6455</td><td>0.6516</td><td>0.6514</td></tr>\n",
       "\t<tr><th scope=row>K27-Hey2-1</th><td>0.5958</td><td>0.5874</td><td>1.0000</td><td>0.9043</td><td>0.8741</td><td>0.8676</td><td>0.6505</td><td>0.6572</td><td>0.6687</td><td>0.6732</td><td>0.5737</td><td>0.5771</td></tr>\n",
       "\t<tr><th scope=row>K27-Hey2-2</th><td>0.6278</td><td>0.6194</td><td>0.9043</td><td>1.0000</td><td>0.9147</td><td>0.9057</td><td>0.7194</td><td>0.7259</td><td>0.7397</td><td>0.7459</td><td>0.6419</td><td>0.6424</td></tr>\n",
       "\t<tr><th scope=row>K27-Ctrl-1</th><td>0.6371</td><td>0.6293</td><td>0.8741</td><td>0.9147</td><td>1.0000</td><td>0.9140</td><td>0.7397</td><td>0.7465</td><td>0.7667</td><td>0.7731</td><td>0.6690</td><td>0.6674</td></tr>\n",
       "\t<tr><th scope=row>K27-Ctrl-2</th><td>0.6289</td><td>0.6202</td><td>0.8676</td><td>0.9057</td><td>0.9140</td><td>1.0000</td><td>0.7277</td><td>0.7329</td><td>0.7529</td><td>0.7593</td><td>0.6571</td><td>0.6564</td></tr>\n",
       "\t<tr><th scope=row>K9-Hey2-2</th><td>0.6501</td><td>0.6395</td><td>0.6505</td><td>0.7194</td><td>0.7397</td><td>0.7277</td><td>1.0000</td><td>0.8894</td><td>0.8809</td><td>0.8888</td><td>0.7875</td><td>0.7772</td></tr>\n",
       "\t<tr><th scope=row>K9-Hey2-1</th><td>0.6580</td><td>0.6473</td><td>0.6572</td><td>0.7259</td><td>0.7465</td><td>0.7329</td><td>0.8894</td><td>1.0000</td><td>0.8893</td><td>0.8976</td><td>0.7971</td><td>0.7882</td></tr>\n",
       "\t<tr><th scope=row>K9-Ctrl-1</th><td>0.6486</td><td>0.6393</td><td>0.6687</td><td>0.7397</td><td>0.7667</td><td>0.7529</td><td>0.8809</td><td>0.8893</td><td>1.0000</td><td>0.9178</td><td>0.7736</td><td>0.7656</td></tr>\n",
       "\t<tr><th scope=row>K9-Ctrl-2</th><td>0.6561</td><td>0.6455</td><td>0.6732</td><td>0.7459</td><td>0.7731</td><td>0.7593</td><td>0.8888</td><td>0.8976</td><td>0.9178</td><td>1.0000</td><td>0.7809</td><td>0.7732</td></tr>\n",
       "\t<tr><th scope=row>Flag-Hey2-1</th><td>0.6647</td><td>0.6516</td><td>0.5737</td><td>0.6419</td><td>0.6690</td><td>0.6571</td><td>0.7875</td><td>0.7971</td><td>0.7736</td><td>0.7809</td><td>1.0000</td><td>0.8678</td></tr>\n",
       "\t<tr><th scope=row>Flag-Hey2-2</th><td>0.6619</td><td>0.6514</td><td>0.5771</td><td>0.6424</td><td>0.6674</td><td>0.6564</td><td>0.7772</td><td>0.7882</td><td>0.7656</td><td>0.7732</td><td>0.8678</td><td>1.0000</td></tr>\n",
       "</tbody>\n",
       "</table>\n"
      ],
      "text/latex": [
       "A data.frame: 12 × 12\n",
       "\\begin{tabular}{r|llllllllllll}\n",
       "  & Hey2-Ctrl-1 & Hey2-Ctrl-2 & K27-Hey2-1 & K27-Hey2-2 & K27-Ctrl-1 & K27-Ctrl-2 & K9-Hey2-2 & K9-Hey2-1 & K9-Ctrl-1 & K9-Ctrl-2 & Flag-Hey2-1 & Flag-Hey2-2\\\\\n",
       "  & <dbl> & <dbl> & <dbl> & <dbl> & <dbl> & <dbl> & <dbl> & <dbl> & <dbl> & <dbl> & <dbl> & <dbl>\\\\\n",
       "\\hline\n",
       "\tHey2-Ctrl-1 & 1.0000 & 0.7425 & 0.5958 & 0.6278 & 0.6371 & 0.6289 & 0.6501 & 0.6580 & 0.6486 & 0.6561 & 0.6647 & 0.6619\\\\\n",
       "\tHey2-Ctrl-2 & 0.7425 & 1.0000 & 0.5874 & 0.6194 & 0.6293 & 0.6202 & 0.6395 & 0.6473 & 0.6393 & 0.6455 & 0.6516 & 0.6514\\\\\n",
       "\tK27-Hey2-1 & 0.5958 & 0.5874 & 1.0000 & 0.9043 & 0.8741 & 0.8676 & 0.6505 & 0.6572 & 0.6687 & 0.6732 & 0.5737 & 0.5771\\\\\n",
       "\tK27-Hey2-2 & 0.6278 & 0.6194 & 0.9043 & 1.0000 & 0.9147 & 0.9057 & 0.7194 & 0.7259 & 0.7397 & 0.7459 & 0.6419 & 0.6424\\\\\n",
       "\tK27-Ctrl-1 & 0.6371 & 0.6293 & 0.8741 & 0.9147 & 1.0000 & 0.9140 & 0.7397 & 0.7465 & 0.7667 & 0.7731 & 0.6690 & 0.6674\\\\\n",
       "\tK27-Ctrl-2 & 0.6289 & 0.6202 & 0.8676 & 0.9057 & 0.9140 & 1.0000 & 0.7277 & 0.7329 & 0.7529 & 0.7593 & 0.6571 & 0.6564\\\\\n",
       "\tK9-Hey2-2 & 0.6501 & 0.6395 & 0.6505 & 0.7194 & 0.7397 & 0.7277 & 1.0000 & 0.8894 & 0.8809 & 0.8888 & 0.7875 & 0.7772\\\\\n",
       "\tK9-Hey2-1 & 0.6580 & 0.6473 & 0.6572 & 0.7259 & 0.7465 & 0.7329 & 0.8894 & 1.0000 & 0.8893 & 0.8976 & 0.7971 & 0.7882\\\\\n",
       "\tK9-Ctrl-1 & 0.6486 & 0.6393 & 0.6687 & 0.7397 & 0.7667 & 0.7529 & 0.8809 & 0.8893 & 1.0000 & 0.9178 & 0.7736 & 0.7656\\\\\n",
       "\tK9-Ctrl-2 & 0.6561 & 0.6455 & 0.6732 & 0.7459 & 0.7731 & 0.7593 & 0.8888 & 0.8976 & 0.9178 & 1.0000 & 0.7809 & 0.7732\\\\\n",
       "\tFlag-Hey2-1 & 0.6647 & 0.6516 & 0.5737 & 0.6419 & 0.6690 & 0.6571 & 0.7875 & 0.7971 & 0.7736 & 0.7809 & 1.0000 & 0.8678\\\\\n",
       "\tFlag-Hey2-2 & 0.6619 & 0.6514 & 0.5771 & 0.6424 & 0.6674 & 0.6564 & 0.7772 & 0.7882 & 0.7656 & 0.7732 & 0.8678 & 1.0000\\\\\n",
       "\\end{tabular}\n"
      ],
      "text/markdown": [
       "\n",
       "A data.frame: 12 × 12\n",
       "\n",
       "| <!--/--> | Hey2-Ctrl-1 &lt;dbl&gt; | Hey2-Ctrl-2 &lt;dbl&gt; | K27-Hey2-1 &lt;dbl&gt; | K27-Hey2-2 &lt;dbl&gt; | K27-Ctrl-1 &lt;dbl&gt; | K27-Ctrl-2 &lt;dbl&gt; | K9-Hey2-2 &lt;dbl&gt; | K9-Hey2-1 &lt;dbl&gt; | K9-Ctrl-1 &lt;dbl&gt; | K9-Ctrl-2 &lt;dbl&gt; | Flag-Hey2-1 &lt;dbl&gt; | Flag-Hey2-2 &lt;dbl&gt; |\n",
       "|---|---|---|---|---|---|---|---|---|---|---|---|---|\n",
       "| Hey2-Ctrl-1 | 1.0000 | 0.7425 | 0.5958 | 0.6278 | 0.6371 | 0.6289 | 0.6501 | 0.6580 | 0.6486 | 0.6561 | 0.6647 | 0.6619 |\n",
       "| Hey2-Ctrl-2 | 0.7425 | 1.0000 | 0.5874 | 0.6194 | 0.6293 | 0.6202 | 0.6395 | 0.6473 | 0.6393 | 0.6455 | 0.6516 | 0.6514 |\n",
       "| K27-Hey2-1 | 0.5958 | 0.5874 | 1.0000 | 0.9043 | 0.8741 | 0.8676 | 0.6505 | 0.6572 | 0.6687 | 0.6732 | 0.5737 | 0.5771 |\n",
       "| K27-Hey2-2 | 0.6278 | 0.6194 | 0.9043 | 1.0000 | 0.9147 | 0.9057 | 0.7194 | 0.7259 | 0.7397 | 0.7459 | 0.6419 | 0.6424 |\n",
       "| K27-Ctrl-1 | 0.6371 | 0.6293 | 0.8741 | 0.9147 | 1.0000 | 0.9140 | 0.7397 | 0.7465 | 0.7667 | 0.7731 | 0.6690 | 0.6674 |\n",
       "| K27-Ctrl-2 | 0.6289 | 0.6202 | 0.8676 | 0.9057 | 0.9140 | 1.0000 | 0.7277 | 0.7329 | 0.7529 | 0.7593 | 0.6571 | 0.6564 |\n",
       "| K9-Hey2-2 | 0.6501 | 0.6395 | 0.6505 | 0.7194 | 0.7397 | 0.7277 | 1.0000 | 0.8894 | 0.8809 | 0.8888 | 0.7875 | 0.7772 |\n",
       "| K9-Hey2-1 | 0.6580 | 0.6473 | 0.6572 | 0.7259 | 0.7465 | 0.7329 | 0.8894 | 1.0000 | 0.8893 | 0.8976 | 0.7971 | 0.7882 |\n",
       "| K9-Ctrl-1 | 0.6486 | 0.6393 | 0.6687 | 0.7397 | 0.7667 | 0.7529 | 0.8809 | 0.8893 | 1.0000 | 0.9178 | 0.7736 | 0.7656 |\n",
       "| K9-Ctrl-2 | 0.6561 | 0.6455 | 0.6732 | 0.7459 | 0.7731 | 0.7593 | 0.8888 | 0.8976 | 0.9178 | 1.0000 | 0.7809 | 0.7732 |\n",
       "| Flag-Hey2-1 | 0.6647 | 0.6516 | 0.5737 | 0.6419 | 0.6690 | 0.6571 | 0.7875 | 0.7971 | 0.7736 | 0.7809 | 1.0000 | 0.8678 |\n",
       "| Flag-Hey2-2 | 0.6619 | 0.6514 | 0.5771 | 0.6424 | 0.6674 | 0.6564 | 0.7772 | 0.7882 | 0.7656 | 0.7732 | 0.8678 | 1.0000 |\n",
       "\n"
      ],
      "text/plain": [
       "            Hey2-Ctrl-1 Hey2-Ctrl-2 K27-Hey2-1 K27-Hey2-2 K27-Ctrl-1 K27-Ctrl-2\n",
       "Hey2-Ctrl-1 1.0000      0.7425      0.5958     0.6278     0.6371     0.6289    \n",
       "Hey2-Ctrl-2 0.7425      1.0000      0.5874     0.6194     0.6293     0.6202    \n",
       "K27-Hey2-1  0.5958      0.5874      1.0000     0.9043     0.8741     0.8676    \n",
       "K27-Hey2-2  0.6278      0.6194      0.9043     1.0000     0.9147     0.9057    \n",
       "K27-Ctrl-1  0.6371      0.6293      0.8741     0.9147     1.0000     0.9140    \n",
       "K27-Ctrl-2  0.6289      0.6202      0.8676     0.9057     0.9140     1.0000    \n",
       "K9-Hey2-2   0.6501      0.6395      0.6505     0.7194     0.7397     0.7277    \n",
       "K9-Hey2-1   0.6580      0.6473      0.6572     0.7259     0.7465     0.7329    \n",
       "K9-Ctrl-1   0.6486      0.6393      0.6687     0.7397     0.7667     0.7529    \n",
       "K9-Ctrl-2   0.6561      0.6455      0.6732     0.7459     0.7731     0.7593    \n",
       "Flag-Hey2-1 0.6647      0.6516      0.5737     0.6419     0.6690     0.6571    \n",
       "Flag-Hey2-2 0.6619      0.6514      0.5771     0.6424     0.6674     0.6564    \n",
       "            K9-Hey2-2 K9-Hey2-1 K9-Ctrl-1 K9-Ctrl-2 Flag-Hey2-1 Flag-Hey2-2\n",
       "Hey2-Ctrl-1 0.6501    0.6580    0.6486    0.6561    0.6647      0.6619     \n",
       "Hey2-Ctrl-2 0.6395    0.6473    0.6393    0.6455    0.6516      0.6514     \n",
       "K27-Hey2-1  0.6505    0.6572    0.6687    0.6732    0.5737      0.5771     \n",
       "K27-Hey2-2  0.7194    0.7259    0.7397    0.7459    0.6419      0.6424     \n",
       "K27-Ctrl-1  0.7397    0.7465    0.7667    0.7731    0.6690      0.6674     \n",
       "K27-Ctrl-2  0.7277    0.7329    0.7529    0.7593    0.6571      0.6564     \n",
       "K9-Hey2-2   1.0000    0.8894    0.8809    0.8888    0.7875      0.7772     \n",
       "K9-Hey2-1   0.8894    1.0000    0.8893    0.8976    0.7971      0.7882     \n",
       "K9-Ctrl-1   0.8809    0.8893    1.0000    0.9178    0.7736      0.7656     \n",
       "K9-Ctrl-2   0.8888    0.8976    0.9178    1.0000    0.7809      0.7732     \n",
       "Flag-Hey2-1 0.7875    0.7971    0.7736    0.7809    1.0000      0.8678     \n",
       "Flag-Hey2-2 0.7772    0.7882    0.7656    0.7732    0.8678      1.0000     "
      ]
     },
     "metadata": {},
     "output_type": "display_data"
    }
   ],
   "source": [
    "rownames(corr_mat) %<>% str_split(.,\"\\\\.\", simplify=T) %>% .[,1]\n",
    "rownames(corr_mat) <- c('Hey2-Ctrl-1', 'Hey2-Ctrl-2', 'K27-Hey2-1', 'K27-Hey2-2', 'K27-Ctrl-1', 'K27-Ctrl-2','K9-Hey2-2','K9-Hey2-1',\n",
    "                       'K9-Ctrl-1', 'K9-Ctrl-2', 'Flag-Hey2-1', 'Flag-Hey2-2')\n",
    "colnames(corr_mat) <- rownames(corr_mat)\n",
    "corr_mat"
   ]
  },
  {
   "cell_type": "code",
   "execution_count": 57,
   "id": "5880bb40-ed93-41d5-a912-c4cb1a647294",
   "metadata": {},
   "outputs": [
    {
     "data": {
